591 EPISTOLARUM ΜΒ. xm. 1558. 511

’ 11111111 111111. 1111111111111111111161111111 6111111111111111111111111111111111111,11111Δ
11111111 111 1111111111111111111, 1111111 11111 11111 1111111 1111 Ι6111111 1111111111 1111111111
11111111 1111111 111111, 111. 1111111111 111111 11113111 111111. 111111111111111111111111111111
1111 1116111 1111111111111111 111111 11111 11111111 111 11111111 11111 11 111111Θ11111111111111111, 111
111111, 11111111111111111, 11111111 111 (1111111111 1111 111111, 111 11111111 1111111111111111111
11111111111111111 111 31111111, 111111 1111111 111111 1111, 111 1111 11111111111111111, 111111,
111111 1111111 11111 1111111 1111111, 111 11 111111 1111111 1111111111 1111111, 111 11111111111111111
1111111 1111111111 1111111111111111 11111111, 111111 1111111111 1111111, 11111111111111111111111111
1111 111 1111 1111111, 111. 1111111111 1111111 111, 111 11111111111111111111111111111111111111111111- ,
111 3111111111111111 1111, 11111111 11111 11111111 gistrum Paulum Eberum 111111111111111111 111

’ 1111, 111111111111111 11111111111111111111111 1111111111111111111111 (11111111111111111111111
1111111111, 111 11131 1111111111 111111 1111, 111 1111111 1111111111, 111 1111 111111111111111, 1111
1111111 11111, 1111111111111111111111111111111 11111 1111111111, 111111111111111111, 111 11111 1111
111 1. 1111111111 111111 (111111 11111111 1111111111 1111111111311111111111111111 11111111 11111111,
11111111, datum 11111111ιὶ Anno 1558. 1111111111111111 11 1111 11111 111111 1111111111

11111111111111 (1111111111 11111. 111 11 11111111111111111111111 x

11111111 1111111 111111 11111 111111 1111 11111111, 1111111111 1

Philippus 1111111111. 11111111111111. 1111111111 11111111 11111 N

ww- m 11111111111111111111
N 6574 γ ¹5 Α 1119111111111116111111111111111111,11111111

1 ι . 11⁰.

ο , *⁵⁸⁹3 1111111111110111911111111Μ11101ΐ1111111111011011111

Auffltsto Pr. Elect. 1111 1111111111 111111111111111 11111 1111111 s

1111111111111Μ111111111111111111111.1111111Η11111111 &mucha fflffffmmg “ugpqimm §Dtmmfflctawmm ἵ
.. 11 11111111111111111111111 1111 1111111, inqua 1111111111, 11111111111111111111. 1111111111

111111111111ῑὶ11113111111111111. 111111111111111111.11111 11111111111

111 mauu adscripsi! haec: 111111 ῧθῧθῐὶἶθῑὶ 1 ffljlitfissn unb (10ηῇ111111011111111111
,,8.111111.111111111111ιί1111811111111111111111111111111111111 lid) 9111111191. Qitje} (11115 1111111111 mit 1111111111.
111ῗῖ11ῗὶἶὶ11. 11111.έὲ111”1;...111111 &nonen ¹¹1 1111111111. 111 buten 11. 11111·

1111111111111111111111111111111111 111- 1111111 11111, 11 1111111 11111111 111 11111111 111
1111111111· ²⁰· 11111 ¹⁵⁵⁸·'' 11111111 1111 11111111, 111 [11111111. 111-1111*

vem 11111111111111, 1111111111111111111 111 1111111Ρ111111Ε111111[11111111111111111111
11111, ,11111 Augusto, ,11111911 3„ &adm Μ ,111111111111111111111 11111111111111111111111
11111111111111111111111111111111111111111111 me QW &¹¹5 1111111 11111111 (111 11111111 1
111, 1111111111 11 11111111, 11111111111111111111 '³⁸¹⁸ ι111111111111111111111111) balma 111 bum

1111111111111111111111111111, 1111111 1111111111 ben 1111111111 5011· 1111111, 1111111111111, 11
spem, 111 111111111111111111111111111111 1111, 1111111111

> 111 ‘f 1.

(1111111 11111 1111 111111 1111111111116111311111 111111 111111 111 311111 ‘ml-gemm famem! &etv
1111111111 111111 1111111 111 1111111111 111111 [1111111111111111111111111111111111111111111
11111. 1111111111, 1111111111 11111111, 111,11111111111111111111111 111111
1111111111 1111. 11111111111111111111111111, (1111111 1111119111111111 mmmm mm 1
mmmm SM mm 301111 1111111111. 1111111111111111111111111111111111111111111 1

111111 1111111 111101. 11111111 111 111111 11111, 1111 11111111. Datum 15. Augusti 1558.

111 11111111 1111111111 11111111 11111, 111111 1111 111. 11111. 1111111

1111111 111111111111111111111 11111, 11111111 111 111111111111111111 1
111 1111111111111 11111 (1111111111, 11111111 , 111111111111111111111 ,
11111 111111 11111111111361111 11111111, 11111 , 1111111111.

 

