555 Ι5555505555555555555555. 5555. 555

555555555555551155115155551555. 1155 55 55915555 65591555 555. 1155 515 55555 ²²) 555 55555551 de la-
sslloticoe 55555 (5555555555 55555555 55511, 555 5515555 trono convorso 559595955, 555 5511551555 5555555955)
5555559 555555 5555955, [o 5555 ste 5555 55 555555 555 55555555, 551515 ²⁸) 5551555, 5551555559 555 5155 515
9555115555 5555555555 55555 555 9555555 5155555555, 555 55551, 5555555 55555 95511155 5555559559. 555515 &ophis
' betofoo [mit] 555 555 51155 5555555595515555555115 (too 555 155555 95 5555555. 3555555 5555555555 955555

· ’ 55551, 555 5555 ῧ555515555 5555555 5551155. 3555 555 5555 5555 555 95551555 1555555559 55555555 55155 fio 515 511551

5559 95115115 1555, 55155555 555195 5555555, 555 5555 5555155 5555 55595555 95555555, 555, ist 555 5155555 355555 555555
(551155559555555 55111, 555 559555555555151555515 9555555 555 51555 555 555955 555555 559555 5555 55555.
5555, 5551555 15555 555 51551151 95551155 15555. 555 5555555555 [o 9555555555 55551555, 515 55555555
5555 515 555555555θ555555 5555 555555 555 555 5555 515555 5115551 ouon 55555155 55551, 555 55111 &llos
5555 555555 55155 ²⁸) 5555555559 95555555, 555 55155955 ,55555 55 555555 5515555155 555) invocationem 5555
555 55555 5155. 51555 95555 55555555 555 555 55555, 515 555555 1555 15555, 555 55555 555555 ³⁰) 5851555559,
555, 5555555 51555 35551551 555), 555 55155555511515 5515 515 [eo [55 5115555 5551155559 555 5551555559, 555 555555
55555, 55555555 5515 5155515 55555 1555555155 555 555 5555 555 5555555559 ³¹) 555 555 515. lusorum, 1559 555
55551515, 5555 55 5555 9555555555. 5555 555 5555 ooo ,(315 5551555 95 5555155555, 55555555 5515 5155, 555 mit 55515
155555 5595555555 5555555, 5559 5555 55 1555555 Qud) 5555555555 55555 5155555555 155 555519 55 551555 zo
15555, 555 5515 555555 515 5515155555, 555 555. 555555· 1555555, 5551155555 551155 15555, 555 5555 55555 11155
5555 551515 555555 5555155555555 55555 55555555 5555555, 55555555 555555 551555 55511, 555 555555 5555 515 555555 Ao· ³
. 55 515 5555555555 51551151 mit 515555 5555 55595555 5155555555 555 &eino 1555555. '

5555155555 55555. ,55555 britto 5555555 55555 55 oie 55555 5555
355 555155 51515151 5551555 55, 55 555 55551155 55555555, 555 fle 55555555, 55 5155555 55 555 55555
955555 555 555 imputata iustitio, ob 5555 55555555 sion 555 55515955. 5555 55 5555 551555555955 555
[ou 555 5555555 5555515 5155555555, 5555 essentialem 155155, 515 555 5555 55 5555555 5559555555 9555551555 5555,
insoniam. 55555 555 5555 5555515555 5515555155 5555 555155 5555 3555519555 5515155559 9515555555 555
51555 51155555 55555 155 5555155555 51551551 515555115155 55515 55555555 55551, 555 55555 555555 oinct 5555515555
, 5551555 555 5515 555 51555 511555 555 5559555 555 5155555 1155555555 555555, 555 5555 555 propositio 55555 5155
’ 15555 555155 55515 15155555 9555555 1555. 555, 555 515555 1555555555 [555 1555 55555 5555 51595.

513555 555555 5555515555 55 55515555155555 15515153111115515151551151051551110151155515555515ἰὼ
55155551551595, 55555 555555 555555155 55559555551559, 11 5151115115 ⁸¹¹0 115551 5515151· ἕθῑθῖθ 5355019515Μ)
15 mon 5555555 ²⁵), 555 5555155155555555155555519, with 55515155 11ΰῦ 5156ϊῖ51 δ11155 ”festa 5151555115
5555 55555155555555555555, 555 555555 95555 {ooo 5511155 milm- moon 50519 5115111115 151151 1111111 oio,
955555, 5555 551 fid) 55555, 55555 55155555 55119 555555. 115155515515015 9151515151·

5555 555 5155551155, 555 5555· 155555, 555 95 511555 5555555 58555 5555555 51555151 55555555 515555155155,
55 5555555 55555, 5555 io 555 155555 55555555, [o 555 555 guoricon 555 [cio 1155559 555515 55551 95555555
51115555 55 555 5555555559 55555 55155555 55551 5555555 5555 5555555. (5155555551 ist 5555, 51555 55555 555 555
555, 5515555 9555555 555 55515555 555 555955651191515 555 5555515555 555 555 555 Ι95 55551555, 555 5555155
55555, 5555155515551515159515515555 5155555 vivo ego, 15555 (555555 55 5555555155 555 5555515555 55555 5155
nolo morle'm peccatoris, sed 555 convertatur 55 vi· 51555555 , 555 man 5555155559 5555155955 5555 51555
vat. 51555555555551555559951555555, 5555 55 555 155 555559 &mbo 5555 555555 15111. 11555 ist 55 555555
555 6555555 , 551955 95915555 mit [555] 5155559 555 55555

(5555515555. 1555 5555555 555 55555555ῐί55 55555151 m m· mu·

5155, 555 5555 55515 55555, ,55555 5155551555 515 555559”, 28) 004, ΜΝ,κῆ 99, naum„ o. ⁹2. „m
55555555 [ou 55555 555 55555559, 5555151555 555555 29) coo.M0oao.86. 9555 ooo 55555...

5555 9155555551, 555 5555 55555 55555 555 55155555 555
555955 555 (5555515555 555555 9555555 555 55555 555

m.-

ningo? Moooo. 86. 555 5555 515 5155155 znonoro

25) Ρει. 51555651Ιί 1551155.
569 eod. 515555 116. et 5555515115 55555, absquo 555.

50) Pez. 55555. ·

81155555355555559, 5151555155115155551151559
555 5515155 515 55555555. 55. Cod. Monac. 56. mneos
5559 555 51555 515 55555555. 5155551115 85555.
5559, 5151551155115155555555559555551555559
555 51555 515 155555555559 55, qoam leonioo

¹ 5555551155..- Ρ5551.5551555555551515, Mt 111ξῖ

55915155 [eo 5155 55555555559.
52) 55555555515555 55155155 Poo.

 

