7111 EmsToLARUM LlB.Xlll. 1559. 762
111111111111111111111111111111 9111111. 11 bes 11119 111 111 3111 1111111 111 1111111ιό 111 &attat

1111111111)11111111111119119.1111111111111111) 111111911111111111991111111. 1111111111) 1111111111 ’

111. 11111111 111 1111111111 11111 11191. 111111 11 1111 1119111111 11111111 ’“)1 11111 11111131) 111111
111 11111111 11911111 1111111. 111 111 111Θ1111119 111 111) ²²) 111111119111111111119 1113111”) 111111 911
6111111119111111. θ11111”)11111111111111111111 1111111. 1111119111υά) 11111111111111119111.
111. 111 111 111111 1111111 1111 Ιο1. 11111111 1111111. 111111111111111111111111111111111911111111 1111
111 11111119. 11118111111111 1119111θ11111111) 111 11111111 1111911111 911 1111111 1191111111. 11
11111, 1111111111111911111111. 1111 1111 1111111) 1111111111 11111 1111111111 1111111 1111111 111111, 11111111
111111111111111111111111111111110. 1111 11111111) 1111111111) 111 1111111111) 111911 111 111111. 9111111
1119111111 111111 111 11119119111111. 1111111191. 1111111111. 1111 1111 1111111111 11111111) 1111111111111
11111. 111“)1111111111111111 1111111 11111111, 11111 1119111111. 111 111111 1111111. 1111111111). 1111 11111
1111111119. 1111111111 1111111111111119111111 11111 111111 911111) 11111111 1191111111111111). 1111 111
11191111 ¹²) 111111 11 1111111111 Ί) 1111111. 111 11 11111 1111 111111 1111111. 1111 11111111111111111111111Ἳ
1111) 111 11111) 11111111 11111 11 1111 111 1111911 911111. 111 1111111115 11· 11111111 1111 1111111111 11111 111111
11111 1111 91111111 1111111 1111 1111 1111111 11111111. 9111111111111911111111191111.
1111111111 11119. 1111111111111111111111911111111 111111.111111111111111111111111111111.
1111 11111111) 111111111111111111111111 111. 11111Ι 11111111111111111 11111111 111 1111111, 111 ²⁷) 111
11111111111131111111. 11. 1111 111“) 91111111. 111 fuld) 1111911111 1111111111. 1111111111 111111 111 ’1111
111111111611111191111111. 1111111111 111) 11 1111 111111) 11111111 91111. 111 111 1111111111 11111111 111
1111111111111119119111911, 911. 1111 1111111191 111111 1111111111) 111111 1111)
1111181911ῗ11ἑ1911111111. 111 111 111 11111 1111111111 111911
· 91 11 11111111. 111 1111) 1111111111) 111 11111111 9191111
IX. 281betliginnnpgbobtaeienessnfttbum6 bet δρειῑηιῇἳὶᾜε ιὲηξΐιᾶίιυὲἰῖιζιριὲ99ἐ1ἐέιιὲᾚὲ 1119919111ῃὲ 3:13
&olam 11111111 baben wit aud) ...1111111 9111. 111111111111111111. 111111 11111111111111 ³⁰) 91111111·
1111“). 11111 1111 111111. 111 111 11111 &iton 111 1111911111 111111, 11111191111111111111111116111
11111 9111111““). 11111111 1111111 1111111111) 1111, sto, 11111111111111111111 111 ³¹ ) 11111116 111111 ¹¹³0
1111111111. 111111. 11111111111911”) 1111111111, 1111 id) 111. 111111 1111111111 11111111 ³²) 1111 ³³).
1111111111 11111111 1111 111111101111111111 11111111 111111111111 1111 Q, 1. 111 111111111 61111111
ΕΦΥῙῘΜ 1111111111· (11101111 111111113111111111111 111111111111111111111111111, 1111 11111111 1111111111,
1111111 11111111 111111. 111111 111 1111111 ⁸⁸) 11111111. 11111111111111. 1111111111. 1. 111111”) 1111111111
11191111191111111111111111111111111.11(“.111111111.11111 venien, 11999911019191999999911999, 1me
111”) 111111 11111 11911911. 111 1111 111 11111111
11111111 (1111111111 111111 1111111111 9111111 1111.
1111111119111111111111111111111111111111111. 61111 ²⁰) ⁰⁰³· ⁰⁰¹⁵· ⁹⁴· 1111111·

11111111111111111111111191. 111111 111111 111 111111 ²253: '¹¹¹⁸ 111 ”m- 0010119111 1111·

1111111111 1111111111. 1111111111 111 11111111 111111. 11111 11. 1111 11111111. 11. um 1.1.1111.111.111 111.
2³) 111 seit} 11 cod. 61111. 91. 1111191111111.
--.-..... 24) 9111111111.. 111111 habet·

1111111111111111.

11 111· 111 11111. 1111111111111111111.11111..

10111111111111. 27) 611111111111. 11111 11111111 111, 11.
11) 1111] 1111111 habent. 23) pu, ,daug ww,

12) ,goth Goth. 21³. 11611111111. 0111. Goth. 9⁴. 111 29) Pu· ωε.
u) 1111111119111. 3011111111 1111 - -· 6111111] in 1111. ooth 91.

11) 111] Pez- που 1111· 11111111111111181111111.

151111151111111· 11)111111111111111111111111111111. ·

1111111111] Μ· ‘'m‘- 11) 111. 111111. 111 111. mmm 11 111 ema,
1711111. 111111111- 1111111 9‘2· eructum 1111, 111111111111111111111 1111 111 111.

11111 1111111111 111911. 1111111.111111111111111011111111 1111111.
11)011.6111.91.111111111 11111. 31) Q„ m] ,11101 1111, 111, .. Pu„ ηιμ, eod.
19) 1111111111 11111. Goth 91111111 1111111 1111111111.

 

