117 EPISTOLARUM 1213.qu 166⁷. 118

1111111111 11111111. 1111111 1111111111111111111 111111 1111111 1111111111 111 8111111111 11 1111111
1111111111 11111111111111811111111, 1111111111 11111111 111111.

111 Θ111111111 111 111111 Qube 11111111 11111111 1111 1111111111 1111111111 111 11 11111111,
111. 311 11101111 in 11 1111111111111111 111 111111 1111111 11111 6111111, 1111111111118111
1111 1111111 1111111 111 11111 111111111111111111 811111 1111111, 111111 11111111, 1111111111, 111111
111 11111. 111111111111111111111111111 111111111111111 1111111111111111111111111
1111111, 111 11111111111111111111111, 111 fic 1111, 11111111 1111111, 111 11111111ῦ111111111111ι
11111 1111111111 1111111 11111111 obet 111111 11111. 11111111 1111 111 1111111111111111111111111111,
91111 111111 1111 111111 111111 1111111111, 111 111111111 11111111 111111 1111111111 1111111 111
11111111 11111 1111111111, 1111111111 11111111 11111111111111111111111111111111111111111, 111
&olm 111 11111111 &the 111 1111111111 11111111 11111111 1111111, 1111111111 &thumum

1111111111 ῘθῙῘῒι 1111111 Me? Wsstsssststf 11151θά11 1111111111111111111111111111111111, 11111
”alm 11111· 1111011 ⁶0⁶ 1111111111110111111 1111111111, 111111 111111111111111111111111
111 111111 gamm mar, 1111111111 ⁰¹1 111111, 111111111111111111111
1111111111 1111111111111 ”⁰¹¹ ffimssbfflbu‘ss· 111111 1111111 111 111111 111111, 11 11 111 1111111111

zm 1111111 11111111 1557. 311111 111 111 111111111111111111111,1111111111161.θ1111
1111111111111111111111,1111111113111 111, 1111111111111. 1111111111111111111111111,
1111111111, 11111111, 1111111111111111111111111 1111111111 1111111111 1111111111 Connestahilis
111111. 11 11111 11111 1111111111 111 111111 Mommorantius, 11111111111111111111111111.
111111)11111111111111111111111111. 31111111 111, aba 111 1111111111 menter, 11 ,111111 (11111 111
1111 11111 11111111) 111 11111161111111, 1111111 1111111111 11111, 111111 111 11111111, 1111111
111111 8111111 111 1111111111111111111. 11111111111 1111111111111111111111111,1111111116111111-
111111111111, 111 111 1111111131111111) 1111111111 bilem 111 111111 &olym 11111 111111 111111 11111111
111111, 11111111111111111111. 1111111111) 111111111111111111111. 111111611111111111111111
1111111 1111111111 111111 1111111111. 11111111 111 1111111111, 1111111111111111111111Θ111111,
1111111111 61111, 1111111111 1111111111 11111111 11111 1111 11 11 1111111111 1111 11111111, 111) 11111111.
111111 1111111111ῢ111111 11111111, 111111 11111 mamad) 1111 &a Quintia, 111111111111111111
11111111111118111111111111, 1111111 111111 11111111111111111111111. 1111111111 111,
1111111111 1111111111 11111, 1111111111 111 111111 1111111111111111 111111 1111 Connestabili, 11111
11111111111111111111111111111111111, 1111111 111111 111 &ent 1111111111, 1111111111 11, 111111111111111,
1111111111111 1111111111 11111111 11111111111111 1111111Θ111, 11111111 1111111 11 11111111161111111
1111111111, 111, 111111 111111), 111311111111111111 11111111, 111111111111111111111111111111.
11111 δ11111111 fi‘ 1111ῑῦ11111 bssfi bstflsslbe 111111111οῑ · 11111111111111111114.,1111111111,
1111111111111111111111111111111 111111111111111111111,11111 11111111,

11111111111111111111111111111111, 11111 ”¹¹⁶ 11111 ‘t fid) 111111111111181111111 11111111
111 1111111111111111111 1111111555. 11111, 111 1013111 1114111 1111111111 00¹³ 1111111111111
berum 1111111111, 111111111111111111111111, 10111 aommmutte. 11111118 “best 11111111 1ῑῴ =
11 11111 1111111111111111111111111111111, 11111111 11111111111111111 1611111611 1111111111 11111
yffi 1111, 1111, 1111111111 111111 6111 1111111111, 111 11111111

11111111111111111111111111 111111 11111111· .
111 1111 111) 111 111111111111111111111, ῶ1111111111111111111111111111111111
10 1113111 mot angefangm' 111 with b‘fdfl0ff‘sse 11111 ffiutssllnblm 11111111 Βῐῑίΐόῠθῐωοᾱηῢΐθη, 1111111111
1111111111111111111, 1111111113111111111111, 111 11111111 111 1111111111, 21111111 111
1111 111111, 111 1111111111111111111111111111 611111111 ἷῑῐῑθῐὶῐι 1111 ste 11111111 1111111111 111
1111111111,111111111111111111111111,1111ι ssntgunbuen nub ΝΜ 36111 ¹¹¹ 5111111111 811111
1111111111, 1111111 1111111111111111111 11111111 111 11111111·
111, 111 111 11 11111111 111111 1111111111 111 11111111111111111111181111111111161,

6111111111 1111111111111111 1111111111111. 111, 11 11 1111 1111111 1111111 1111111111 111
61Μ1111311ὂ Ι11111111117111111 ,Rufi 1111 1111 1111 1111111 1111111111. 2⁷

 

